5.100000167631836 3.5000001343796345 1.399999951633871 
4.900000258416047 3.000000013760953 1.400000035323097 
4.700000010433227 3.200000104787677 1.3000000034109218 
4.599999974719562 3.0999999119326094 1.4999999183837627 
5.000000085867366 3.5999998613819217 1.400000031419744 
5.40000031644817 3.900000210162433 1.6999999668102146 
4.599999988352343 3.4000001390329153 1.399999875009598 
5.000000067279818 3.4000000779632447 1.4999999614841983 
4.400000277811617 2.90000016032664 1.399999985493635 
4.900000356761664 3.0999999860935024 1.5000001163600643 
5.400000228129753 3.700000037959874 1.5000000511172777 
4.8000002650925095 3.4000001021816204 1.5999999554766144 
4.800000423038483 3.000000066591352 1.4000000352440407 
4.300000262457827 3.0000000008361796 1.099999985814151 
5.800000566505179 4.000000171853194 1.2000001262547884 
5.699999998603003 4.40000014541398 1.5000000070452622 
5.400000478340448 3.9000002231438917 1.3000001638796113 
5.099999972184084 3.4999999881051713 1.3999999244854573 
5.699999731178503 3.7999998431841835 1.6999999237709815 
5.100000133210254 3.8000000728205805 1.4999999535045687 
5.400000481731099 3.4000002152395115 1.7000002453374543 
5.100000213627792 3.7000001759582153 1.5000001040254907 
4.60000000075807 3.59999988732898 1.0000000555191502 
5.100000124746366 3.300000039880792 1.7000000339622359 
4.800000393647935 3.4000001360055894 1.9000000605845966 
5.00000016511818 3.0000000362098658 1.6000000578290745 
5.000000248545768 3.4000001955004886 1.6000000447428402 
5.200000121376004 3.5000001515502905 1.5000000213237223 
5.199999908016873 3.400000124605026 1.3999998737959314 
4.699999849148581 3.2000000252089165 1.5999999523711812 
4.800000399230437 3.099999944940564 1.6000001094149274 
5.400000280253754 3.4000001491294234 1.500000018235872 
5.200000117441715 4.100000046301774 1.5000000180728508 
5.500000250096541 4.199999937495043 1.3999999456363805 
4.900000356761664 3.0999999860935024 1.5000001163600643 
5.000000296204902 3.200000194438368 1.200000069106336 
5.499999897627121 3.499999874383796 1.2999998340358816 
4.900000356761664 3.0999999860935024 1.5000001163600643 
4.400000308138206 3.000000052506318 1.300000045300067 
5.100000101227058 3.400000167897781 1.4999999856421316 
5.000000286347347 3.500000107590788 1.300000037893725 
4.50000015822202 2.3000000118246824 1.2999999330189302 
4.400000257057669 3.200000108888004 1.2999999254852446 
5.0000001934200915 3.5000000682725223 1.599999999514175 
5.100000299752359 3.8000000843018 1.9000001698976454 
4.800000370126382 3.0000000601875563 1.39999998404705 
5.099999943831212 3.7999999374524784 1.5999999322957077 
4.599999936798656 3.2000000103936053 1.3999999304840094 
5.300000233298264 3.7000000183233603 1.4999999324221978 
5.000000188772118 3.2999999829518685 1.4000000456828112 
7.000000376669585 3.200000138848317 4.699999872986891 
6.400000473719719 3.2000001583432534 4.500000079430009 
6.9000003408973285 3.099999929741566 4.900000066689966 
5.500000270298917 2.3000000260886155 4.0000000315662785 
6.500000370635094 2.800000047001481 4.599999977386196 
5.699999912476759 2.7999999175318844 4.499999905226514 
6.300000542079182 3.3000000530437767 4.699999866174137 
4.900000185135667 2.400000081449382 3.2999998815165013 
6.600000365221059 2.900000237937492 4.600000043669525 
5.19999998218231 2.7000000747805215 3.900000058839187 
5.000000248996263 2.0000000512922256 3.50000003976616 
5.90000022085477 2.999999990561545 4.1999997225970676 
6.000000230052809 2.2000000756935147 3.999999992031262 
6.100000185209434 2.900000145515147 4.699999836928666 
5.600000269587026 2.900000218048364 3.5999999999194663 
6.700000225077143 3.1000000246055914 4.400000199416942 
5.600000020348903 2.9999999850482677 4.4999999309604855 
5.8000005606001395 2.700000161246126 4.099999998167683 
6.2000000237756625 2.2000001036977315 4.499999959801023 
5.600000260989937 2.500000112998664 3.9000001809305527 
5.900000315457873 3.2000000753774183 4.800000174744966 
6.100000130526675 2.799999990826689 3.9999999910196475 
6.300000221096016 2.499999934253648 4.899999919097771 
6.100000311455538 2.800000070693999 4.699999898377533 
6.40000009689382 2.9000000155780934 4.300000017436841 
6.599999948722666 2.999999932254553 4.399999946556393 
6.800000585533349 2.8000000312102213 4.800000280095236 
6.70000030446328 3.000000156825823 5.000000158261779 
6.000000030852356 2.9000000349796107 4.4999998405304975 
5.699999839480143 2.599999855025911 3.499999879444404 
5.50000035552216 2.4000001927931915 3.800000048439604 
5.500000257049592 2.40000014977966 3.7000000781416977 
5.800000254995584 2.700000003669829 3.8999999804899894 
6.000000242556797 2.700000076263411 5.099999898759214 
5.40000054253513 3.0000001604740243 4.5000001248207875 
6.000000512524714 3.4000002744430087 4.500000165392185 
6.70000030287986 3.100000067310301 4.699999958950791 
6.300000584455526 2.3000000597252073 4.400000188369901 
5.600000038348882 2.999999991199072 4.099999839028204 
5.500000190989421 2.5000000279957955 3.9999999835070326 
5.500000384183183 2.6000000198522444 4.400000211846966 
6.100000189108626 3.000000066110546 4.599999927684728 
5.80000031655335 2.599999895123831 3.9999999296789674 
5.000000003608541 2.2999998927928456 3.2999998225873832 
5.600000116958306 2.7000000866168143 4.199999782321972 
5.699999927545944 2.9999999792381193 4.199999716097504 
5.700000044092998 2.9000001386777425 4.199999817743767 
6.19999986494653 2.9000000399962014 4.30000005411367 
5.100000159318944 2.5000000641048166 3.00000004962697 
5.70000012968881 2.8000000395805005 4.099999964364421 
6.3000003038732695 3.2999999034137413 5.999999914995912 
5.80000027435559 2.700000011787492 5.0999997912386466 
7.10000030569266 3.000000098823945 5.9000001618939155 
6.3000006895564145 2.9000002660865323 5.600000027707195 
6.500000096741353 2.9999999460307305 5.800000104193044 
7.600000068793115 2.999999983735339 6.599999779689439 
4.900000359713704 2.5000000622709675 4.500000046415405 
7.300000518298038 2.9000001171107894 6.300000261294748 
6.700000155788897 2.5000000609226247 5.800000234116225 
7.200000000595861 3.5999998744519424 6.099999872024033 
6.5000005244168095 3.2000002120646194 5.1000000799513305 
6.400000367127705 2.700000097301314 5.30000018440648 
6.800000483861248 3.000000052564162 5.500000000066142 
5.700000257702802 2.5000001572911987 5.000000107358984 
5.800000253120735 2.799999856556292 5.0999998207474375 
6.400000364274764 3.200000106744852 5.30000018670963 
6.500000170889736 2.999999984274346 5.499999934544096 
7.699999898837583 3.799999863263471 6.699999692285257 
7.699999978710421 2.599999889005225 6.89999995073689 
6.000000035228993 2.199999969441691 4.999999871013845 
6.900000613507947 3.200000198802785 5.699999963120876 
5.60000014943584 2.8000000200392465 4.900000099903585 
7.700000025072656 2.79999993865867 6.699999745943932 
6.300000194781437 2.6999999620062423 4.899999924796703 
6.6999998935247085 3.2999998960471264 5.69999966505334 
7.199999890956752 3.1999999809166857 5.99999987186251 
6.19999998282072 2.7999999601188694 4.800000121132213 
6.100000143331253 3.0000000416827097 4.90000008528731 
6.400000562069246 2.800000091676089 5.600000028649615 
7.200000313087075 3.000000170997305 5.800000306514904 
7.400000394573698 2.8000000222576515 6.099999865868316 
7.900000237788773 3.7999999230091057 6.39999995023774 
6.4000003971614925 2.8000000386520925 5.599999864263971 
6.30000038805064 2.799999966169008 5.099999843209705 
6.09999990342791 2.599999846221117 5.59999968051068 
7.70000024162931 3.0000000952863735 6.100000009690797 
6.300000344084653 3.4000001147551275 5.599999787900496 
6.40000043342185 3.0999999903089925 5.500000011283135 
6.000000416328442 3.0000001484919725 4.800000274194035 
6.90000050602748 3.1000000235155167 5.400000158706728 
6.700000275998088 3.1000000299304062 5.600000040049678 
6.900000122306543 3.099999835301387 5.09999970620064 
5.80000027435559 2.700000011787492 5.0999997912386466 
6.800000416332086 3.200000076830887 5.899999991906768 
6.700000321678377 3.3000001030306354 5.69999995275236 
6.699999877825779 2.9999999505913753 5.199999653846709 
6.300000377705868 2.5000000116848273 4.999999930821953 
6.5000003225563265 3.000000069747464 5.199999849060348 
6.2000003234564405 3.400000245031745 5.400000259284224 
5.9000000973147 2.9999999147523675 5.099999739338343 
